-01 -01 -01 -01 -01 -01 -01 -01 -01 -01 000 -01 -01 -01 -01 -01 -01 -01 -01 -01 -01 -01 -01 
-01 -01 -01 -01 -01 -01 -01 -01 -01 -01 001 -01 -01 -01 -01 -01 -01 -01 -01 -01 -01 -01 -01 
-01 002 003 004 005 006 007 -01 -01 -01 008 -01 -01 -01 009 010 011 -01 012 013 014 015 -01 
-01 016 -01 -01 017 -01 018 -01 -01 -01 019 -01 -01 -01 020 -01 021 022 023 024 -01 025 -01 
-01 026 -01 -01 027 -01 028 -01 -01 -01 029 -01 -01 -01 030 -01 -01 -01 -01 031 -01 032 -01 
-01 033 034 035 036 037 038 039 040 041 042 043 044 045 046 047 048 049 050 051 -01 052 -01 
-01 053 -01 -01 054 -01 -01 -01 -01 -01 055 -01 -01 -01 -01 056 -01 057 -01 -01 -01 058 -01 
-01 059 -01 -01 060 061 062 -01 -01 -01 063 -01 -01 -01 -01 064 -01 065 -01 -01 -01 066 -01 
-01 067 -01 -01 068 -01 069 -01 -01 070 071 072 073 074 075 076 -01 077 078 079 -01 080 -01 
-01 081 -01 -01 082 -01 083 -01 -01 084 -01 -01 -01 085 -01 086 -01 087 -01 088 -01 089 -01 
-01 090 091 092 093 -01 094 095 096 097 -01 098 -01 099 -01 100 101 102 -01 103 104 105 -01 
-01 -01 -01 -01 106 -01 -01 -01 -01 107 108 109 -01 110 -01 -01 -01 111 -01 -01 -01 112 -01 
-01 113 114 115 116 -01 117 118 119 120 -01 121 -01 122 -01 123 124 125 -01 126 127 128 -01 
-01 129 -01 -01 130 -01 131 -01 -01 132 -01 -01 -01 133 -01 134 -01 135 -01 136 -01 137 -01 
-01 138 -01 -01 139 -01 140 -01 -01 141 142 143 144 145 146 147 -01 148 149 150 -01 151 -01 
-01 152 -01 -01 153 154 155 -01 -01 -01 156 -01 -01 -01 -01 157 -01 158 -01 -01 -01 159 -01 
-01 160 -01 -01 161 -01 -01 -01 -01 -01 162 -01 -01 -01 -01 163 -01 164 -01 -01 -01 165 -01 
-01 166 167 168 169 170 171 172 173 174 175 176 177 178 179 180 181 182 183 184 -01 185 -01 
-01 186 -01 -01 187 -01 188 -01 -01 -01 189 -01 -01 -01 190 -01 -01 -01 -01 191 -01 192 -01 
-01 193 -01 -01 194 -01 195 -01 -01 -01 196 -01 -01 -01 197 -01 198 199 200 201 -01 202 -01 
-01 203 204 205 206 207 208 -01 -01 -01 209 -01 -01 -01 210 211 212 -01 213 214 215 216 -01 
-01 -01 -01 -01 -01 -01 -01 -01 -01 -01 217 -01 -01 -01 -01 -01 -01 -01 -01 -01 -01 -01 -01 
-01 -01 -01 -01 -01 -01 -01 -01 -01 -01 218 -01 -01 -01 -01 -01 -01 -01 -01 -01 -01 -01 -01 
